# angle_deg distance_mm
276.625 1891.500
280.188 931.000
281.547 940.250
282.875 963.000
286.109 791.750
287.531 786.500
313.047 203.000
313.766 201.000
334.578 558.750
335.969 557.750
337.297 556.500
340.828 2726.000
342.250 2721.250
346.656 1861.500
348.062 1826.500
349.484 1803.000
350.844 1783.500
352.250 1766.250
353.656 1744.250
355.109 1721.250
356.453 1737.750
8.859 2208.750
10.266 2195.750
11.672 2193.500
17.297 2178.000
18.656 2176.250
20.094 2177.500
21.469 2179.500
22.875 2180.250
24.297 2181.750
28.469 2191.000
29.844 2198.500
31.266 2209.750
32.656 2222.500
34.031 2238.000
35.516 2256.750
36.906 2275.750
38.297 2292.500
39.703 2309.500
41.094 2333.000
42.484 2362.750
43.859 2388.000
47.250 1229.750
48.672 1225.500
50.016 1227.250
51.438 1228.500
52.859 1230.750
54.250 1243.000
57.500 896.250
58.969 888.250
60.250 888.500
61.594 899.500
82.250 587.500
83.719 577.500
84.875 569.250
86.453 563.500
87.969 559.250
89.344 555.750
90.672 553.500
92.016 552.500
93.328 553.000
94.969 554.750
101.812 580.000
103.031 590.000
104.344 604.750
122.078 2617.500
123.484 2648.500
146.094 1638.750
175.078 229.000
237.375 137.000
266.891 482.000
268.188 486.000
269.359 491.750
275.750 1907.500
277.141 1884.750
280.641 929.000
285.141 807.250
286.609 784.750
288.031 784.500
295.172 2243.250
312.094 204.750
313.484 202.250
334.844 558.250
336.250 557.000
341.188 2723.500
342.578 2722.750
347.047 1849.250
348.484 1820.750
349.828 1798.750
351.297 1778.750
352.672 1757.250
354.125 1734.500
355.500 1715.250
6.500 2221.750
9.266 2203.500
12.125 2189.000
13.547 2182.250
16.312 2180.000
17.734 2179.000
19.156 2176.500
20.547 2176.250
21.938 2178.500
23.328 2180.250
24.734 2182.000
28.922 2193.000
30.328 2201.750
31.719 2214.500
33.141 2229.000
34.516 2245.250
35.938 2264.250
37.297 2281.250
38.719 2297.750
40.094 2316.500
41.516 2340.750
42.906 2368.750
44.281 2393.500
47.641 1231.250
49.062 1222.500
50.500 1222.750
51.891 1225.750
53.297 1235.750
54.625 1249.500
57.922 891.750
59.281 887.250
60.781 890.250
81.109 596.000
82.781 583.250
84.016 574.750
85.406 567.000
86.953 561.500
88.312 557.750
89.859 554.500
91.250 553.000
92.516 553.500
93.891 553.750
95.266 556.500
102.312 583.750
103.641 594.750
104.969 611.250
121.234 2653.500
122.625 2649.000
124.016 2648.750
125.422 2652.500
126.828 2648.000
145.203 1655.500
184.156 198.000
270.000 491.250
276.250 1901.000
279.750 934.500
282.484 959.500
285.625 797.500
287.156 785.250
288.391 792.250
292.781 2524.750
312.562 203.500
314.203 200.750
334.062 559.500
335.234 558.000
336.812 557.500
341.672 2708.250
343.062 2685.500
347.500 1837.750
348.953 1810.250
350.344 1790.250
351.719 1771.500
353.141 1751.250
354.578 1728.500
356.000 1723.250
6.969 2226.250
9.750 2202.500
12.562 2187.000
13.953 2183.000
15.328 2180.500
16.750 2178.750
18.156 2178.500
19.516 2177.250
20.922 2177.750
22.344 2180.250
23.719 2180.750
27.922 2190.000
29.312 2196.250
30.719 2204.750
32.078 2217.250
33.484 2232.750
34.906 2248.750
36.297 2267.750
37.656 2285.500
39.062 2302.250
40.484 2323.250
41.891 2347.500
43.250 2374.750
44.625 2401.000
48.031 1230.000
49.438 1222.750
50.812 1226.000
52.234 1229.750
53.562 1238.500
56.828 906.250
58.328 889.000
59.766 886.750
61.109 893.250
81.672 591.750
83.031 579.750
84.484 571.500
85.953 566.000
87.531 561.250
88.844 557.000
90.094 554.250
91.562 553.000
93.156 553.500
94.391 554.500
101.250 578.250
102.641 587.250
104.016 600.000
123.016 2652.250
145.672 1648.500
174.688 230.250
237.719 136.250
267.859 485.750
269.375 491.000
275.406 1919.750
276.812 1890.000
280.391 932.250
281.797 946.250
283.156 969.000
286.312 790.250
287.609 787.000
294.844 2241.000
311.766 205.000
313.156 202.750
334.484 558.750
336.125 557.500
337.516 557.250
340.906 2724.750
342.297 2734.750
346.719 1861.250
348.125 1825.750
349.547 1802.500
350.984 1783.500
352.391 1764.500
353.734 1742.000
355.156 1720.250
356.531 1737.750
8.953 2210.250
10.359 2202.750
17.297 2177.750
18.703 2175.750
20.078 2177.000
21.469 2179.000
22.859 2180.250
24.250 2182.000
28.438 2191.000
29.844 2198.250
31.219 2209.500
32.625 2222.000
34.016 2237.500
35.500 2256.250
36.875 2275.250
38.266 2292.250
39.656 2309.000
41.062 2332.250
42.422 2360.500
43.828 2386.000
47.219 1229.750
48.625 1226.000
50.016 1227.250
51.391 1228.000
52.766 1230.500
54.172 1243.000
57.484 896.500
58.906 888.500
60.281 888.750
61.766 899.750
82.172 587.250
83.797 577.500
85.188 569.000
86.547 563.250
88.016 559.250
89.375 555.750
90.719 553.500
92.281 552.500
93.672 553.000
95.078 555.000
101.859 581.500
103.281 591.500
104.469 605.750
122.172 2620.000
123.562 2647.750
144.906 1666.250
146.281 1639.000
175.672 228.500
270.047 494.000
276.125 1903.250
281.031 936.000
282.438 960.000
285.562 800.500
286.984 785.250
288.266 790.750
313.891 200.750
334.016 559.500
335.375 558.000
336.688 557.500
341.688 2708.000
343.078 2684.500
347.500 1837.750
348.859 1810.500
350.312 1790.250
351.719 1772.750
353.109 1752.250
354.531 1728.250
355.906 1719.750
6.922 2226.000
9.688 2202.000
12.484 2186.750
13.875 2183.250
15.266 2181.000
16.656 2178.750
18.062 2178.250
19.484 2178.000
20.891 2178.500
22.234 2180.250
23.672 2180.500
27.844 2188.500
29.203 2196.000
30.594 2204.250
32.016 2215.500
33.406 2231.500
34.906 2248.500
36.297 2267.500
37.688 2285.250
39.062 2301.750
40.453 2323.250
41.875 2347.500
43.250 2374.500
44.656 2400.750
48.031 1229.750
49.453 1222.750
50.859 1226.000
52.203 1229.750
53.656 1238.750
56.906 906.250
58.297 889.000
59.766 886.750
61.109 893.000
81.531 592.000
83.016 580.000
84.469 571.500
86.000 566.000
87.203 561.250
88.672 557.250
90.188 554.250
91.516 552.750
93.031 553.500
94.453 554.000
95.672 550.500
101.062 577.750
102.594 586.000
103.906 599.000
121.578 2627.500
122.984 2651.250
145.719 1647.000
176.359 230.250
237.906 136.250
267.984 485.500
276.844 1890.000
280.375 931.000
281.703 946.250
283.109 969.000
286.328 790.250
287.734 786.750
294.859 2240.750
310.422 208.000
311.312 205.000
313.219 202.750
334.703 558.750
335.875 557.500
337.438 557.250
340.891 2724.500
342.297 2734.500
346.766 1861.250
348.109 1825.750
349.547 1802.250
350.906 1783.250
352.312 1764.250
353.766 1742.000
355.172 1720.250
356.500 1738.000
8.906 2209.750
10.312 2202.500
17.266 2177.250
18.656 2175.500
20.094 2177.000
21.469 2179.000
22.891 2180.000
24.297 2181.750
28.438 2190.750
29.844 2198.000
31.203 2209.250
32.641 2221.500
34.016 2237.000
35.484 2255.750
36.844 2275.000
38.266 2292.250
39.656 2309.000
41.047 2332.000
42.469 2360.000
43.844 2385.500
47.234 1229.750
48.641 1225.500
50.016 1226.750
51.406 1228.000
52.812 1230.750
54.156 1243.000
57.531 896.250
58.891 888.250
60.344 888.750
61.609 899.500
82.078 587.250
83.594 577.500
84.938 569.000
86.547 563.250
87.797 559.250
89.344 555.750
90.812 553.500
92.203 552.500
93.469 553.000
94.828 554.750
101.672 580.750
103.125 590.000
104.516 605.000
122.188 2620.750
123.594 2647.000
144.891 1665.750
146.266 1638.500
157.562 292.500
176.172 228.500
270.172 490.750
276.250 1900.000
279.844 934.500
282.547 959.500
285.656 797.500
287.172 785.250
288.438 794.250
312.656 205.750
313.797 201.250
334.031 559.500
335.359 558.000
336.781 557.250
343.188 2681.000
347.641 1837.250
348.984 1809.000
350.422 1789.250
351.844 1771.250
353.266 1750.250
354.641 1726.500
356.016 1724.000
7.016 2219.000
9.844 2202.500
12.625 2187.500
14.016 2183.250
15.453 2180.750
16.859 2178.750
18.234 2178.000
19.609 2177.000
21.031 2177.750
22.391 2179.750
23.828 2181.250
28.016 2190.250
29.422 2196.250
30.797 2204.250
32.203 2217.250
33.594 2234.250
35.031 2251.000
36.438 2269.500
37.797 2287.500
39.203 2303.250
40.578 2325.750
41.984 2351.750
43.391 2377.250
46.766 1236.000
48.203 1229.000
49.578 1224.750
50.969 1227.000
52.328 1231.250
53.734 1242.500
57.062 904.500
58.453 888.250
59.891 886.500
61.203 893.000
81.703 592.000
83.266 580.000
84.500 571.000
85.938 565.500
87.406 561.250
88.719 557.000
90.141 554.250
91.547 553.000
92.953 553.500
94.547 554.500
101.406 578.250
102.594 587.250
104.031 600.000
121.703 2688.250
123.109 2652.250
145.750 1647.000
175.047 230.250
238.719 136.750
253.266 204.750
266.906 483.000
268.094 487.000
269.594 491.750
275.719 1907.500
277.172 1884.500
280.781 929.000
285.188 806.000
286.656 786.250
288.031 786.250
295.250 2246.000
312.203 205.000
313.609 201.500
334.953 558.000
336.469 557.000
341.328 2726.500
342.734 2718.250
347.188 1847.250
348.625 1819.000
349.984 1796.250
351.391 1776.500
352.828 1757.000
354.219 1735.000
355.641 1717.500
6.609 2220.250
9.438 2201.750
12.266 2188.750
13.641 2183.500
15.047 2181.000
16.453 2180.000
17.844 2179.000
19.234 2176.500
20.625 2176.000
22.031 2178.500
23.453 2181.000
24.859 2182.500
26.250 2183.500
27.625 2187.250
29.016 2195.250
30.438 2203.250
31.844 2214.250
33.203 2228.750
34.625 2245.000
36.000 2265.250
37.438 2282.500
38.812 2298.000
40.188 2319.000
41.578 2345.000
42.984 2370.750
44.375 2393.750
47.766 1230.250
49.125 1224.500
50.562 1225.500
52.000 1218.750
53.359 1229.250
54.766 1252.250
58.031 891.500
59.469 887.250
60.906 891.000
81.391 595.750
82.719 582.500
84.297 573.500
85.672 566.500
87.156 561.500
88.594 557.750
89.844 554.500
91.406 552.750
92.578 553.500
93.984 553.750
95.359 558.750
99.500 568.000
101.047 576.000
102.406 584.500
103.781 596.000
105.109 612.000
121.344 2654.000
122.750 2649.500
124.141 2645.750
125.500 2652.500
126.938 2664.000
145.422 1651.250
183.656 200.000
276.719 1890.750
280.219 928.750
281.688 940.750
282.953 965.000
286.109 790.500
287.562 786.000
311.734 205.000
313.141 202.750
314.547 201.500
333.250 560.500
334.562 558.750
335.953 557.500
341.016 2727.000
342.422 2731.500
346.844 1855.000
348.297 1822.750
349.734 1800.500
351.109 1780.750
352.516 1760.750
353.938 1738.000
355.344 1716.500
3.656 2012.500
9.203 2210.750
11.953 2188.750
16.156 2181.750
17.531 2178.500
18.953 2176.750
20.359 2176.500
21.781 2178.500
23.172 2181.000
24.547 2183.750
28.766 2191.750
30.188 2201.750
31.547 2213.500
32.953 2227.250
34.344 2242.250
35.734 2260.500
37.172 2279.250
38.547 2296.250
39.953 2313.750
41.328 2337.500
42.750 2367.000
44.094 2391.500
47.469 1230.500
48.922 1222.750
50.266 1225.750
51.672 1231.000
53.062 1238.500
54.500 1249.500
57.734 892.750
59.109 888.000
60.578 890.750
81.156 598.250
82.547 584.500
84.062 574.750
85.531 567.000
86.844 561.750
88.234 557.750
89.750 554.500
91.172 553.000
92.562 553.500
94.031 553.500
95.141 556.000
102.047 583.750
103.422 593.750
121.062 2640.250
122.453 2635.750
123.875 2651.250
126.656 2608.750
145.156 1655.750
184.156 198.000
236.922 136.750
270.016 490.750
276.344 1894.750
279.891 933.000
282.641 959.750
285.828 794.500
287.266 784.000
288.562 794.250
312.781 202.750
313.484 200.500
334.203 559.000
335.641 557.250
337.047 555.500
340.625 2737.000
346.500 1865.750
347.922 1829.250
349.297 1806.000
350.734 1785.500
352.156 1766.500
353.547 1744.500
354.953 1721.750
356.359 1733.500
6.000 2219.000
8.781 2210.750
10.219 2200.250
11.578 2192.250
15.797 2183.500
17.203 2177.250
18.609 2176.000
19.969 2175.250
21.391 2176.750
22.797 2179.750
24.188 2182.000
28.391 2189.750
29.781 2197.750
31.188 2209.000
32.547 2220.750
33.938 2236.250
35.422 2255.000
36.797 2274.250
38.219 2292.250
39.656 2309.000
41.000 2332.750
42.406 2360.500
43.812 2385.500
47.234 1229.750
48.641 1226.000
49.984 1227.250
51.391 1228.000
52.766 1230.750
54.172 1243.000
57.500 896.250
58.828 888.250
60.328 889.000
61.656 899.750
80.906 601.500
82.203 587.250
83.688 577.500
85.219 569.000
86.641 563.250
87.844 559.250
89.422 555.750
90.719 553.500
92.219 552.500
93.688 553.000
94.906 554.750
101.750 581.250
103.219 591.250
104.469 605.750
122.219 2621.250
123.609 2646.750
144.875 1665.250
146.344 1638.000
157.562 292.500
176.328 228.500
269.828 494.000
276.156 1903.250
279.719 936.750
281.031 936.250
282.516 959.750
285.578 799.250
287.078 785.250
288.406 790.750
292.688 2524.500
312.562 203.250
313.953 200.500
333.906 559.750
335.359 558.000
336.969 557.250
343.156 2679.750
347.562 1837.250
348.984 1810.000
350.344 1789.750
351.781 1771.000
353.219 1750.250
354.625 1728.000
355.953 1725.000
6.984 2225.000
9.797 2202.500
12.578 2187.000
13.938 2182.750
15.375 2180.750
16.766 2178.750
18.156 2178.000
19.578 2177.000
20.938 2177.750
22.375 2179.500
23.734 2179.750
27.953 2190.000
29.312 2196.500
30.719 2204.500
32.109 2217.000
33.516 2234.250
34.984 2251.250
36.359 2269.250
37.797 2286.000
39.156 2302.500
40.562 2325.750
41.984 2351.250
43.344 2377.000
46.766 1235.750
48.188 1228.500
49.500 1224.500
50.938 1227.750
52.328 1232.000
53.766 1242.250
56.984 904.500
58.484 888.000
59.859 886.250
61.203 893.000
81.750 591.000
83.234 579.750
84.500 571.000
86.000 565.000
87.562 561.000
88.953 556.750
90.297 554.000
91.781 553.000
93.094 553.500
94.531 554.500
101.422 578.250
102.594 587.250
104.016 601.000
105.359 619.250
121.734 2687.250
123.125 2652.250
145.875 1644.250
175.578 230.250
266.719 482.750
268.000 485.750
269.609 491.250
275.641 1913.000
277.047 1886.500
280.703 925.000
285.125 806.500
286.484 786.250
287.891 784.750
295.141 2242.750
313.375 203.500
334.812 558.250
336.344 557.250
341.234 2721.500
342.656 2719.250
347.047 1848.500
348.516 1819.250
349.891 1797.500
351.297 1778.500
352.703 1757.250
354.094 1734.250
355.516 1714.750
6.516 2220.250
9.297 2202.000
12.109 2189.000
13.531 2182.500
16.297 2180.250
17.734 2178.750
19.109 2176.750
20.531 2176.500
21.906 2178.250
23.312 2180.000
24.688 2182.000
28.891 2193.000
30.297 2201.500
31.703 2213.000
33.094 2227.750
34.469 2244.750
35.953 2263.250
37.328 2280.750
38.734 2298.000
40.125 2318.500
41.516 2342.500
42.906 2368.750
44.312 2393.250
47.750 1230.750
49.156 1222.750
50.500 1223.000
51.891 1223.000
53.297 1233.500
54.688 1250.000
58.047 891.500
59.312 887.250
60.812 891.250
81.375 595.500
82.656 582.500
84.281 573.500
85.562 566.500
87.031 561.500
88.359 557.750
89.922 554.500
91.172 553.000
92.734 553.500
94.156 553.750
95.375 558.500
99.625 567.750
100.844 575.750
102.391 584.500
103.531 595.500
104.922 611.750
121.344 2653.250
122.734 2649.750
124.141 2647.250
125.562 2656.000
126.953 2666.750
145.453 1651.000
275.234 1920.500
276.641 1890.500
280.297 931.000
281.672 940.750
283.016 965.000
286.078 791.500
287.469 786.500
313.094 203.000
314.484 201.000
334.484 558.500
336.016 557.500
337.406 556.500
340.812 2725.500
342.250 2723.250
346.656 1861.500
348.094 1826.750
349.516 1802.750
350.906 1783.000
352.312 1764.250
353.750 1742.000
355.125 1720.500
356.516 1738.250
8.922 2209.750
10.297 2203.000
17.297 2177.250
18.734 2176.000
20.125 2177.500
21.484 2179.000
22.906 2180.000
24.297 2182.000
28.484 2191.500
29.859 2199.000
31.266 2209.250
32.688 2221.000
34.078 2236.750
35.547 2255.750
36.922 2275.500
38.312 2293.250
39.719 2309.000
41.109 2332.000
42.500 2362.250
43.875 2387.500
47.281 1229.750
48.719 1225.250
50.109 1226.750
51.438 1228.500
52.828 1230.750
54.281 1242.750
57.453 896.000
58.938 888.750
60.312 889.500
61.719 900.000
80.938 601.250
82.359 587.250
83.719 577.250
85.312 568.750
86.625 562.500
88.062 558.500
89.531 555.250
90.859 553.500
92.344 552.750
93.750 553.250
95.000 554.750
102.031 582.000
103.172 591.500
104.531 607.000
122.344 2626.750
123.750 2649.250
145.016 1661.250
146.438 1636.500
269.969 491.250
276.250 1895.250
279.859 934.250
282.531 959.750
285.750 797.500
287.188 785.250
288.406 794.250
314.078 201.000
334.141 559.500
335.484 557.750
336.891 557.000
346.328 1870.500
347.734 1834.500
349.156 1807.000
350.594 1787.750
352.016 1769.250
353.438 1747.750
354.812 1723.500
356.219 1729.500
10.047 2206.500
11.438 2187.250
12.812 2186.000
14.219 2184.750
15.594 2181.750
16.984 2180.250
18.422 2179.000
19.828 2177.500
21.219 2178.500
22.594 2181.000
24.000 2182.250
28.188 2190.250
29.594 2196.750
30.969 2206.250
32.391 2219.000
33.781 2236.500
35.219 2254.500
36.609 2272.500
38.016 2289.750
39.438 2306.750
40.828 2330.250
42.188 2356.750
43.609 2382.000
46.938 1232.750
48.422 1226.500
49.781 1223.750
51.219 1227.000
52.625 1232.750
53.953 1243.500
57.266 900.000
58.656 887.250
60.078 886.500
61.453 896.750
82.141 588.750
83.625 577.750
84.828 569.250
86.469 564.000
87.672 560.250
89.203 556.000
90.531 553.500
91.875 552.500
93.344 553.000
94.859 555.000
101.812 580.250
103.094 590.000
104.281 605.000
122.047 2617.500
123.453 2647.750
146.156 1638.250
175.938 230.000
185.188 204.500
235.500 140.250
266.859 484.000
268.156 488.250
269.812 492.250
275.844 1904.250
277.266 1887.000
280.766 935.250
282.172 959.500
285.188 801.250
286.766 785.750
288.094 786.500
292.375 2523.000
295.281 2246.000
312.203 204.750
313.609 201.250
335.078 557.750
336.344 557.000
341.344 2724.500
342.781 2716.750
347.188 1847.250
348.594 1819.000
350.016 1796.250
351.406 1776.500
352.828 1756.500
354.219 1734.500
355.594 1716.750
6.594 2220.250
9.375 2202.000
12.172 2189.000
13.547 2183.500
14.969 2179.500
16.344 2178.500
17.734 2179.000
19.156 2176.250
20.547 2176.500
21.938 2178.750
23.344 2180.250
24.703 2182.250
26.141 2151.750
28.906 2193.000
30.281 2201.500
31.688 2213.250
33.062 2228.000
34.469 2244.750
35.969 2263.500
37.344 2281.000
38.750 2298.250
40.141 2318.500
41.531 2343.000
42.953 2368.750
44.312 2393.000
47.750 1230.000
49.156 1222.500
50.469 1223.500
51.922 1220.000
53.250 1230.500
54.656 1250.500
58.031 891.500
59.344 887.500
60.875 891.250
81.266 595.500
82.891 582.500
84.328 573.500
85.750 566.500
86.969 561.500
88.422 557.750
89.953 554.500
91.359 552.750
92.750 553.500
94.016 553.750
95.375 558.500
99.469 567.750
100.875 575.750
102.406 584.250
103.547 595.500
121.312 2652.500
122.719 2650.000
124.109 2648.500
125.531 2671.250
126.906 2681.500
145.500 1649.500
184.547 200.500
267.922 484.000
276.672 1890.750
280.250 929.000
281.672 941.000
283.000 965.000
286.172 791.500
287.547 786.500
311.672 205.000
313.062 202.750
314.469 201.000
334.500 558.500
335.797 557.500
337.188 556.500
340.828 2726.250
342.219 2723.500
346.656 1861.750
348.031 1826.750
349.453 1803.000
350.828 1783.250
352.219 1766.000
353.656 1744.500
355.078 1721.500
356.438 1737.750
8.812 2212.250
10.234 2199.000
11.609 2191.500
15.812 2183.250
17.203 2177.500
18.594 2176.250
20.016 2175.500
21.375 2176.750
22.781 2180.000
24.172 2182.000
28.328 2189.750
29.719 2198.000
31.141 2208.000
32.547 2219.250
33.922 2236.000
35.391 2254.750
36.812 2274.000
38.172 2292.000
39.609 2308.500
40.969 2332.000
42.359 2360.500
43.766 2385.500
47.109 1230.500
48.547 1226.750
50.000 1227.000
51.312 1227.750
52.766 1230.500
54.156 1243.250
57.344 898.250
58.859 888.500
60.203 889.000
61.672 897.750
82.062 587.250
83.672 577.500
85.109 569.250
86.281 563.500
87.953 559.750
89.141 556.000
90.531 553.500
91.984 552.500
93.516 553.000
94.969 554.750
101.688 580.250
102.969 590.000
104.438 605.000
122.078 2620.000
123.500 2648.250
144.812 1666.250
146.266 1637.500
175.219 229.750
269.828 493.750
276.109 1903.500
281.094 936.250
282.422 959.750
285.609 800.500
286.984 785.250
288.297 791.000
313.156 200.500
333.844 559.750
335.344 558.000
336.625 557.250
341.656 2707.500
343.062 2685.000
347.438 1837.500
348.828 1810.000
350.281 1791.000
351.656 1773.250
353.078 1752.000
354.484 1728.250
355.859 1717.250
6.797 2223.750
9.641 2200.250
12.438 2187.000
13.844 2183.750
15.219 2181.000
16.609 2178.750
18.016 2178.000
19.438 2177.500
20.812 2178.250
22.219 2180.250
23.625 2181.250
27.781 2189.000
29.156 2196.250
30.594 2204.250
31.984 2215.500
33.391 2231.250
34.859 2248.000
36.234 2266.750
37.625 2285.250
39.016 2301.500
40.391 2322.500
41.797 2347.500
43.203 2374.750
44.594 2400.000
47.984 1230.750
49.391 1222.000
50.797 1224.750
52.219 1223.250
53.531 1233.000
58.281 889.500
59.609 887.000
61.047 892.250
81.484 593.750
82.922 581.000
84.406 572.000
85.734 566.000
87.156 561.500
88.672 557.500
90.094 554.250
91.531 552.750
92.906 553.500
94.297 554.000
95.672 556.000
99.625 565.500
101.000 577.000
102.391 585.000
103.875 597.500
121.469 2647.000
122.859 2651.250
124.250 2649.750
125.656 2674.500
145.516 1649.000
184.469 201.000
268.141 485.500
269.328 490.750
275.625 1912.750
277.062 1887.000
280.578 926.250
285.094 806.250
286.609 786.250
288.000 785.000
295.156 2242.750
310.453 207.500
311.875 205.250
313.516 203.250
335.078 558.000
336.297 557.250
341.328 2724.500
342.719 2717.250
347.109 1847.750
348.516 1819.000
349.984 1796.000
351.359 1777.250
352.750 1757.250
354.156 1734.500
355.594 1716.250
6.562 2220.500
9.359 2202.250
12.219 2189.000
13.609 2183.500
14.984 2180.750
16.422 2179.500
17.828 2178.750
19.203 2176.250
20.609 2175.750
22.000 2178.250
23.391 2180.500
24.781 2182.500
27.609 2187.000
29.000 2193.750
30.406 2201.750
31.750 2214.000
33.156 2229.000
34.547 2245.250
35.969 2263.750
37.344 2281.250
38.781 2298.250
40.172 2318.500
41.547 2343.250
42.969 2369.000
44.359 2392.750
47.766 1230.000
49.141 1223.000
50.516 1223.750
51.953 1220.000
53.266 1230.750
54.672 1250.500
58.031 891.250
59.406 887.500
60.859 891.250
81.234 595.250
82.812 582.500
84.219 573.750
85.516 566.750
86.953 561.500
88.359 557.750
89.719 554.500
91.219 553.000
92.719 553.500
94.188 553.750
95.391 558.500
99.453 567.500
100.891 575.750
102.359 584.250
103.734 595.500
121.297 2652.250
122.734 2649.250
124.094 2649.250
125.484 2660.500
126.906 2668.500
145.328 1651.250
184.344 201.500
276.875 1889.750
280.438 931.250
281.859 946.500
283.141 969.000
286.375 789.000
287.812 785.750
294.953 2241.750
311.922 205.250
313.328 203.500
333.391 560.000
334.719 558.250
336.297 557.250
341.156 2728.750
342.578 2728.250
347.062 1849.000
348.438 1820.500
349.859 1798.250
351.266 1778.250
352.703 1757.000
354.125 1734.500
355.531 1714.750
6.562 2220.500
9.359 2202.250
12.141 2189.000
13.531 2183.250
14.969 2178.750
16.359 2177.750
17.766 2178.750
19.172 2176.250
20.547 2176.750
21.953 2179.250
23.375 2180.750
24.734 2182.750
28.953 2193.000
30.359 2201.500
31.719 2213.750
33.156 2229.000
34.547 2244.750
35.938 2263.500
37.359 2281.250
38.719 2298.250
40.109 2316.750
41.531 2341.000
42.906 2368.500
44.312 2392.500
47.641 1230.500
49.094 1223.500
50.500 1223.500
51.844 1222.500
53.297 1233.250
54.641 1250.500
58.016 891.250
59.281 887.250
60.812 891.250
81.438 595.250
82.656 582.500
84.188 573.750
85.719 566.500
87.156 561.500
88.406 557.750
89.828 554.500
91.297 553.000
92.781 553.500
94.125 553.750
95.375 558.250
99.688 567.500
100.875 575.750
102.422 584.250
103.656 595.500
105.062 612.000
121.312 2651.750
122.703 2649.500
124.109 2649.750
125.484 2660.750
126.891 2667.750
145.391 1651.000
276.609 1891.250
280.156 931.000
281.562 940.750
282.953 964.500
286.172 793.500
287.531 786.500
312.359 202.500
314.453 201.000
333.250 560.500
334.500 558.750
336.078 557.500
337.344 557.250
340.891 2725.750
342.344 2735.000
346.797 1861.250
348.156 1826.250
349.578 1801.750
350.984 1782.500
352.438 1764.000
353.844 1741.750
355.250 1718.500
9.047 2209.250
14.609 2187.750
16.016 2180.250
17.438 2178.500
18.812 2177.000
20.219 2176.750
21.609 2178.250
23.016 2180.250
24.406 2182.250
28.609 2191.250
30.016 2200.250
31.406 2212.250
32.812 2225.750
34.219 2239.250
35.609 2255.500
36.969 2275.750
38.391 2295.250
39.781 2313.000
41.172 2334.250
42.594 2362.750
43.984 2389.500
47.312 1229.500
48.719 1222.250
50.109 1224.250
51.578 1229.000
52.922 1233.250
54.359 1244.750
57.594 896.000
58.953 889.750
60.469 891.500
61.859 903.750
82.328 586.000
83.844 576.250
85.188 568.000
86.719 562.500
88.016 558.500
89.578 555.250
90.859 553.500
92.297 552.750
93.609 553.250
95.094 554.750
101.922 582.000
103.141 591.500
104.688 606.750
122.250 2621.500
123.656 2647.250
144.953 1662.750
146.406 1637.250
175.906 229.500
269.906 494.000
276.016 1901.750
281.000 934.750
282.297 959.750
285.531 800.500
286.875 786.250
295.453 2229.000
313.797 200.500
335.312 558.000
336.688 557.000
341.672 2707.250
343.047 2684.750
347.469 1837.250
348.859 1810.000
350.312 1790.000
351.703 1772.250
353.094 1751.750
354.531 1728.250
355.938 1720.750
9.766 2202.000
12.531 2186.500
13.922 2182.500
15.328 2180.250
16.719 2178.750
18.125 2178.250
19.531 2177.000
20.906 2177.500
22.297 2180.250
23.703 2180.750
27.906 2189.750
29.297 2196.000
30.672 2204.500
32.062 2217.250
33.484 2233.000
34.953 2249.500
36.359 2268.000
37.750 2285.000
39.125 2302.750
40.531 2325.500
41.953 2350.750
43.328 2376.250
44.750 2405.750
48.078 1228.500
49.531 1224.250
50.922 1227.000
52.359 1231.250
53.734 1242.000
56.984 904.500
58.344 888.000
59.812 886.000
61.156 893.000
81.875 590.250
83.359 579.000
84.703 571.000
86.031 565.000
87.562 561.000
88.797 556.750
90.172 554.000
91.547 553.000
92.969 553.500
94.422 554.500
101.297 578.250
102.766 587.250
103.922 600.750
121.672 2687.000
123.078 2651.750
145.797 1646.500
184.734 201.500
267.875 485.500
276.781 1889.750
280.328 932.250
281.797 945.750
283.141 968.250
286.297 790.750
287.688 787.000
294.812 2241.000
309.688 208.000
311.766 205.000
313.172 202.750
333.234 560.750
334.578 558.750
336.125 557.500
337.391 557.000
340.922 2725.500
342.312 2734.750
346.781 1860.750
348.188 1826.000
349.578 1802.000
351.016 1782.750
352.422 1763.750
353.797 1741.500
355.188 1718.750
8.984 2210.250
14.609 2188.250
16.016 2181.000
17.422 2179.500
18.844 2177.250
20.219 2176.500
21.625 2179.000
23.031 2181.000
24.422 2182.500
28.625 2191.250
30.031 2200.500
31.391 2212.250
32.812 2225.750
34.219 2240.000
35.703 2259.000
37.109 2279.000
38.484 2295.500
39.922 2313.250
41.312 2337.250
42.688 2366.750
44.125 2391.250
47.500 1229.500
48.859 1223.000
50.312 1226.250
51.672 1231.000
53.062 1238.000
54.500 1249.000
57.797 892.750
59.172 888.000
60.594 890.750
81.141 598.250
82.422 584.500
84.109 575.000
85.312 567.000
86.859 561.750
88.297 557.750
89.578 555.000
91.062 553.250
92.516 553.500
93.844 553.500
95.109 556.000
102.000 583.250
103.531 593.500
119.766 2662.000
121.172 2653.000
122.578 2647.750
123.984 2649.500
125.359 2651.500
126.797 2651.000
145.328 1652.000
267.531 482.250
270.297 491.500
276.406 1895.500
280.047 932.750
282.766 961.000
285.891 794.500
287.203 785.000
288.625 796.750
312.828 202.750
314.219 200.500
334.203 559.250
335.656 557.750
337.016 555.750
346.391 1869.750
347.781 1833.750
349.219 1806.250
350.641 1786.750
351.984 1769.000
353.406 1747.750
354.859 1723.250
356.203 1729.500
5.812 2216.500
10.016 2206.250
11.438 2187.000
12.828 2185.750
14.234 2184.750
15.625 2182.000
17.031 2180.250
18.438 2178.750
19.797 2177.250
21.188 2178.500
22.625 2181.000
24.016 2182.000
28.203 2190.250
29.578 2196.750
31.000 2206.000
32.375 2219.000
33.781 2235.750
35.250 2254.000
36.641 2272.750
38.047 2290.000
39.406 2306.500
40.844 2330.000
42.219 2356.500
43.625 2381.750
46.953 1232.250
48.438 1226.500
49.781 1223.250
51.203 1226.500
52.609 1232.500
54.000 1243.000
57.219 900.000
58.734 887.000
60.031 886.500
61.484 896.750
81.906 588.750
83.547 577.750
84.891 569.750
86.312 564.500
87.672 560.250
89.047 556.000
90.547 553.500
91.906 552.500
93.453 553.000
94.750 555.000
101.641 580.250
102.938 590.000
104.406 604.000
123.469 2648.500
146.141 1638.000
176.750 229.750
236.828 140.250
266.734 484.000
268.141 488.000
269.469 492.250
275.812 1907.250
277.188 1887.000
280.812 934.500
282.094 958.500
285.234 801.500
286.641 786.000
288.125 786.750
295.234 2245.750
312.203 204.250
335.125 557.750
336.547 557.250
341.328 2712.750
342.734 2705.750
347.203 1847.250
348.578 1818.500
350.031 1795.750
